16 4
14 0 0 0 0 3 0 0 7 0 0 0 0 0 0 12
6 0 0 4 0 5 1 2 0 0 0 0 3 15 7 0
12 0 0 2 0 0 7 11 0 8 0 0 0 0 0 0
0 0 3 0 0 0 0 0 0 10 4 12 0 0 6 0
0 8 5 0 0 12 0 3 0 13 0 7 9 0 1 0
0 0 0 16 0 0 9 0 0 3 12 4 5 0 0 0
7 0 11 6 2 0 0 13 10 0 0 8 0 0 3 0
3 0 0 13 0 0 4 8 0 0 2 0 0 6 11 0
0 7 0 1 5 0 0 0 0 16 0 3 0 0 0 15
9 0 10 8 1 14 12 0 4 15 11 0 7 0 0 5
0 4 6 0 16 0 15 0 14 0 8 0 2 0 0 10
2 0 15 0 0 0 0 0 5 7 0 0 1 0 12 0
0 13 0 12 8 0 11 5 0 0 0 0 6 0 0 4
5 15 0 0 3 0 2 0 0 9 13 6 12 16 0 1
8 0 0 3 9 0 10 12 1 5 0 0 0 0 15 2
0 0 1 0 15 13 0 16 12 4 0 14 0 8 0 3