16 4
5 15 11 3 10 0 13 7 4 0 0 6 0 0 2 0
2 6 0 0 11 0 1 9 13 10 16 0 0 0 0 15
9 0 0 0 0 0 0 12 15 1 0 0 8 11 3 0 13
13 0 0 7 5 16 0 8 0 2 0 14 6 0 12 0
10 5 0 15 7 0 9 0 0 14 4 0 3 0 0 12
0 0 0 14 0 3 11 0 2 8 0 0 0 15 6 0
8 11 3 0 4 10 15 14 12 0 0 0 16 0 9 5
12 7 16 6 0 0 8 5 0 0 10 0 1 0 0 0
3 12 5 0 0 9 7 0 6 0 0 0 13 10 11 0
0 8 0 16 3 5 0 0 0 0 0 0 12 6 7 0
0 1 0 0 15 0 0 2 0 0 5 0 0 16 3 0
6 0 10 9 0 0 0 0 0 0 0 13 15 0 0 2
0 0 8 5 6 0 4 11 10 15 0 16 9 0 13 3
0 0 15 0 0 8 0 0 7 11 13 0 0 0 5 0
7 0 0 13 0 12 14 5 1 8 0 2 11 15 0
0 14 4 0 9 0 5 0 0 0 0 12 7 0 0 1